8.000000000000000000e+00 1.111958577074084964e+01 2.024731892159238544e+00
8.099999999999999645e+00 1.113893393944952059e+01 2.030559248997078736e+00
8.199999999999999289e+00 1.115956721479195046e+01 2.036668800555686332e+00
8.300000000000000711e+00 1.118098557125916237e+01 2.043165708207801412e+00
8.400000000000000355e+00 1.120303288980116108e+01 2.049915436854957473e+00
8.500000000000000000e+00 1.122608412456365556e+01 2.056866745519413620e+00
8.599999999999999645e+00 1.125090770593987877e+01 2.064270741543548393e+00
8.699999999999999289e+00 1.127715061102720462e+01 2.072213109135400799e+00
8.800000000000000711e+00 1.130492117842904598e+01 2.080554329079936871e+00
8.900000000000000355e+00 1.133445375938644162e+01 2.089445867981861937e+00
9.000000000000000000e+00 1.136623611415035917e+01 2.098955047774770488e+00
9.099999999999999645e+00 1.140001962798366897e+01 2.109072091288965556e+00
9.199999999999999289e+00 1.143600353200329955e+01 2.119882435860424685e+00
9.300000000000000711e+00 1.147363291491906878e+01 2.131201503743289205e+00
9.400000000000000355e+00 1.151308437308753518e+01 2.143108518949345509e+00
9.500000000000000000e+00 1.155436800099008821e+01 2.155639652283348084e+00
9.599999999999999645e+00 1.159703665091855029e+01 2.168497465539835911e+00
9.699999999999999289e+00 1.164127576688201948e+01 2.181900740402076266e+00
9.800000000000000711e+00 1.168743978071110945e+01 2.195844312927265118e+00
9.900000000000000355e+00 1.173511963530947000e+01 2.210398793551011654e+00
1.000000000000000000e+01 1.178632545148339972e+01 2.225490218997134839e+00
1.009999999999999964e+01 1.183954088798190263e+01 2.241621162555639479e+00
1.019999999999999929e+01 1.189674660488996061e+01 2.259091919873836396e+00
1.030000000000000071e+01 1.195999485003151008e+01 2.277815418182058238e+00
1.040000000000000036e+01 1.203100426935533385e+01 2.298962188578552279e+00
1.050000000000000000e+01 1.210991585611824206e+01 2.323087012485957281e+00
1.059999999999999964e+01 1.219893187879280561e+01 2.350306176512710898e+00
1.069999999999999929e+01 1.230276370227174176e+01 2.381746661656154007e+00
1.080000000000000071e+01 1.242176838057916832e+01 2.417604513147178391e+00
1.090000000000000036e+01 1.255810831374802561e+01 2.459256755047498189e+00
1.100000000000000000e+01 1.271550195411228756e+01 2.507383547495369847e+00
1.109999999999999964e+01 1.288761728720159105e+01 2.559727134722847186e+00
1.119999999999999929e+01 1.308008504163949404e+01 2.618774792249838335e+00
1.130000000000000071e+01 1.328375337477136675e+01 2.683627815261786509e+00
1.140000000000000036e+01 1.350987428309387717e+01 2.750215162347616094e+00
1.150000000000000000e+01 1.373599789640013746e+01 2.823982583813360758e+00
1.159999999999999964e+01 1.396274806943592139e+01 2.894285591155035142e+00
1.169999999999999929e+01 1.419672874007837926e+01 2.962589517138551898e+00
1.180000000000000071e+01 1.441713941865571513e+01 3.035903790680172243e+00
1.190000000000000036e+01 1.464796947365101332e+01 3.127214967434755355e+00
1.200000000000000000e+01 1.490692734010288945e+01 3.196131142817330684e+00
1.210000000000000142e+01 nan nan
1.219999999999999929e+01 nan nan
1.230000000000000071e+01 nan nan
1.240000000000000036e+01 nan nan
1.250000000000000000e+01 nan nan
1.260000000000000142e+01 nan nan
1.269999999999999929e+01 nan nan
1.280000000000000071e+01 nan nan
1.290000000000000036e+01 nan nan
1.300000000000000000e+01 nan nan
