2.024731892159238544e+00 8.000000000000000167e-02
2.030559248997078736e+00 8.000000000000000167e-02
2.036668800555686332e+00 8.000000000000000167e-02
2.043165708207801412e+00 8.000000000000000167e-02
2.049915436854957473e+00 8.000000000000000167e-02
2.056866745519413620e+00 8.000000000000000167e-02
2.064270741543548393e+00 8.000000000000000167e-02
2.072213109135400799e+00 8.000000000000000167e-02
2.080554329079936871e+00 8.000000000000000167e-02
2.089445867981861937e+00 8.000000000000000167e-02
2.098955047774770488e+00 8.000000000000000167e-02
2.109072091288965556e+00 8.000000000000000167e-02
2.119882435860424685e+00 8.000000000000000167e-02
2.131201503743289205e+00 8.000000000000000167e-02
2.143108518949345509e+00 8.000000000000000167e-02
2.155639652283348084e+00 8.000000000000000167e-02
2.168497465539835911e+00 8.000000000000000167e-02
2.181900740402076266e+00 8.000000000000000167e-02
2.195844312927265118e+00 8.000000000000000167e-02
2.210398793551011654e+00 8.000000000000000167e-02
2.225490218997134839e+00 8.000000000000000167e-02
2.241621162555639479e+00 8.000000000000000167e-02
2.259091919873836396e+00 8.000000000000000167e-02
2.277815418182058238e+00 8.000000000000000167e-02
2.298962188578552279e+00 8.000000000000000167e-02
2.323087012485957281e+00 8.000000000000000167e-02
2.350306176512710898e+00 8.000000000000000167e-02
2.381746661656154007e+00 8.000000000000000167e-02
2.417604513147178391e+00 8.000000000000000167e-02
2.459256755047498189e+00 8.000000000000000167e-02
2.507383547495369847e+00 8.000000000000000167e-02
2.559727134722847186e+00 8.000000000000000167e-02
2.618774792249838335e+00 8.000000000000000167e-02
2.683627815261786509e+00 8.000000000000000167e-02
2.750215162347616094e+00 8.000000000000000167e-02
2.823982583813360758e+00 8.000000000000000167e-02
2.894285591155035142e+00 8.000000000000000167e-02
2.962589517138551898e+00 8.000000000000000167e-02
3.035903790680172243e+00 8.000000000000000167e-02
3.127214967434755355e+00 8.000000000000000167e-02
3.196131142817330684e+00 8.000000000000000167e-02
nan 8.000000000000000167e-02
nan 8.000000000000000167e-02
nan 8.000000000000000167e-02
nan 8.000000000000000167e-02
nan 8.000000000000000167e-02
nan 8.000000000000000167e-02
nan 8.000000000000000167e-02
nan 8.000000000000000167e-02
nan 8.000000000000000167e-02
nan 8.000000000000000167e-02
