8.099999999999999645e+00 1.828484000000000012e-03
8.199999999999999289e+00 1.221426000000000065e-03
8.300000000000000711e+00 1.140827000000000074e-03
8.400000000000000355e+00 2.426169000000000155e-03
8.500000000000000000e+00 4.151643000000000000e-03
8.599999999999999645e+00 6.667099000000000115e-03
8.699999999999999289e+00 1.079111999999999953e-02
8.800000000000000711e+00 1.512001999999999964e-02
8.900000000000000355e+00 2.021337999999999954e-02
9.000000000000000000e+00 2.492128000000000052e-02
9.099999999999999645e+00 2.657732999999999970e-02
9.199999999999999289e+00 2.905860999999999861e-02
9.300000000000000711e+00 2.719200999999999910e-02
9.400000000000000355e+00 2.744500999999999885e-02
9.500000000000000000e+00 2.589783000000000016e-02
9.599999999999999645e+00 2.335098999999999855e-02
9.699999999999999289e+00 2.155233999999999969e-02
9.800000000000000711e+00 2.069607000000000044e-02
9.900000000000000355e+00 1.907255000000000061e-02
1.000000000000000000e+01 1.832146000000000122e-02
1.009999999999999964e+01 1.790001999999999913e-02
1.019999999999999929e+01 1.742923000000000042e-02
1.030000000000000071e+01 1.714285999999999935e-02
1.040000000000000036e+01 1.708136999999999850e-02
1.050000000000000000e+01 1.670005999999999921e-02
1.059999999999999964e+01 1.528857999999999953e-02
1.069999999999999929e+01 1.401059999999999979e-02
1.080000000000000071e+01 1.233196999999999939e-02
1.090000000000000036e+01 1.054251999999999967e-02
1.100000000000000000e+01 8.582222999999999935e-03
1.109999999999999964e+01 6.625894000000000228e-03
1.119999999999999929e+01 4.701219999999999878e-03
1.130000000000000071e+01 3.117033999999999864e-03
1.140000000000000036e+01 1.949081999999999985e-03
1.150000000000000000e+01 1.104547999999999901e-03
1.159999999999999964e+01 5.704552000000000537e-04
1.169999999999999929e+01 2.692532000000000193e-04
1.180000000000000071e+01 1.132959000000000006e-04
1.190000000000000036e+01 4.345041000000000062e-05
1.200000000000000000e+01 1.580191999999999998e-05
1.209999999999999964e+01 4.982176999999999919e-06
1.219999999999999929e+01 1.759680999999999966e-06
1.230000000000000071e+01 1.019465999999999978e-07
1.240000000000000036e+01 1.881422999999999946e-07
